Number of node : : 41
node: 1 : 1.287 0.05 -0.503    [4, 10, 40]
node: 2 : 0.4299999 0.05 -0.214    [6, 18, 19, 37, 40]
node: 3 : 0.508 0.05 0.3509999    [12, 16, 37]
node: 4 : 0.7328001 0.05 -0.699    [1, 6, 7, 40]
node: 5 : 1.3743 0.05 0.84    [17]
node: 6 : 0.4299999 0.05 -0.461    [2, 4, 7, 18, 19, 40]
node: 7 : 0.218 0.05 -0.699    [4, 6, 19, 22]
node: 8 : 0.3579001 0.1865 0.7934999    [17]
node: 9 : 1.1695 0.05 0.84    [17]
node: 10 : 1.287 0.05 -0.244    [1, 12, 40]
node: 11 : 0.9882 0.05 0.3509999    [12, 13, 38, 40]
node: 12 : 1.287 0.05 0.04300003    [10, 11, 38, 40, 3]
node: 13 : 0.8894 0.05 0.3509999    [11, 14]
node: 14 : 0.7916 0.05 0.3509999    [13, 15]
node: 15 : 0.6978 0.05 0.3509999    [14, 16]
node: 16 : 0.5972 0.05 0.3509999    [3, 15]
node: 17 : 1.2773 0.05 0.84    [5, 8, 9, 38]
node: 18 : 0.005000019 0.05 -0.214    [2, 19, 20, 21, 37, 6]
node: 19 : 0.005000019 0.05 -0.461    [6, 7, 18, 21, 22, 2, 20]
node: 20 : -0.427 0.05 -0.214    [18, 19, 21, 37, 41]
node: 21 : -0.427 0.05 -0.461    [18, 19, 20, 22, 23, 41]
node: 22 : -0.2131998 0.05 -0.699    [7, 19, 21, 23]
node: 23 : -0.7279999 0.05 -0.699    [21, 22, 24, 41]
node: 24 : -1.288 0.05 -0.503    [23, 25, 41]
node: 25 : -1.288 0.05 -0.244    [24, 26, 41]
node: 26 : -1.288 0.05 0.04300013    [25, 30, 31, 39, 41]
node: 27 : -1.179 0.05 0.84    [29]
node: 28 : -1.3838 0.05 0.84    [29]
node: 29 : -1.276 0.05 0.84    [27, 28, 36, 39]
node: 30 : -0.9861 0.05 0.3509999    [26, 35, 39, 41]
node: 31 : -0.5058998 0.05 0.3509999    [26, 32, 37]
node: 32 : -0.6047001 0.05 0.3509999    [31, 33]
node: 33 : -0.7024998 0.05 0.3509999    [32, 34]
node: 34 : -0.7962999 0.05 0.3509999    [33, 35]
node: 35 : -0.8969 0.05 0.4259    [30, 34]
node: 36 : -0.366 0.1865 0.7934999    [29]
node: 37 : 0.005000019 0.05 0.167    [2, 3, 18, 20, 31]
node: 38 : 1.287 0.05 0.3509999    [11, 12, 17]
node: 39 : -1.286 0.05 0.3509999    [26, 29, 30]
node: 40 : 0.7328001 0.05 -0.333    [1, 2, 4, 6, 10, 11, 12]
node: 41 : -0.7279999 0.05 -0.333    [20, 21, 23, 24, 25, 26, 30]
