Totem: 0
0 : -1.5645 0.1355 2.980232E-09 -0.5000001 -0.5000001 0.5000001 0.5000001 1 1 -1
1 : -1.5752 0.208 0.02480001 0.3826835 0 0.9238796 0 1 -1 1
2 : -1.5752 0.208 -0.0248 0.9238795 0 0.3826836 0 1 -1 1
3 : -1.5645 0.2755 2.980232E-09 -0.7071068 0 0.7071068 0 1 1 -1
4 : -1.5752 0.348 0.02480001 -0.9238796 0 0.3826835 0 1 1 -1
5 : -1.5752 0.348 -0.0248 0 -0.3826835 0 0.9238796 1 1 -1
6 : -1.6 0.2755 0.0355 0 0 0 1 -1 1 1
7 : -1.6 0.2755 -0.0355 0 0 0 1 1 1 -1
8 : -1.6 0.1355 0.0355 0 0 0 1 1 -1 1
9 : -1.6 0.1355 -0.0355 0 0 0 1 1 1 -1

